0 0 25.7083
0.01 0 26.3533
0.02 0 25.1899
0.03 0 24.2609
0.04 0 23.6498
0.05 0 23.2977
0.06 0 23.1325
0.07 0 23.0862
0.08 0 23.1315
0.09 0 23.2949
0.1 0 23.6414
0.11 0 24.2741
0.12 0 25.1991
0.13 0 26.3436
0.14 0 25.7083

0 0.00333333 58.0989
0.01 0.00333333 107.452
0.02 0.00333333 91.356
0.03 0.00333333 79.1333
0.04 0.00333333 72.2455
0.05 0.00333333 69.2473
0.06 0.00333333 68.4444
0.07 0.00333333 68.4001
0.08 0.00333333 68.4346
0.09 0.00333333 69.193
0.1 0.00333333 72.0803
0.11 0.00333333 78.8605
0.12 0.00333333 91.1453
0.13 0.00333333 106.957
0.14 0.00333333 58.1086

0 0.00666667 55.7612
0.01 0.00666667 106.854
0.02 0.00666667 90.757
0.03 0.00666667 80.9364
0.04 0.00666667 77.901
0.05 0.00666667 78.9539
0.06 0.00666667 80.886
0.07 0.00666667 81.86
0.08 0.00666667 80.9376
0.09 0.00666667 79.0047
0.1 0.00666667 77.8598
0.11 0.00666667 80.7034
0.12 0.00666667 90.5026
0.13 0.00666667 106.348
0.14 0.00666667 55.7694

0 0.01 50.3417
0.01 0.01 94.3586
0.02 0.01 82.5704
0.03 0.01 79.0801
0.04 0.01 82.4776
0.05 0.01 88.5333
0.06 0.01 93.5285
0.07 0.01 95.398
0.08 0.01 93.6556
0.09 0.01 88.7286
0.1 0.01 82.6428
0.11 0.01 79.0561
0.12 0.01 82.2873
0.13 0.01 93.9278
0.14 0.01 50.3281

0 0.0133333 45.986
0.01 0.0133333 85.072
0.02 0.0133333 78.7269
0.03 0.0133333 81.9643
0.04 0.0133333 91.1661
0.05 0.0133333 101.308
0.06 0.0133333 107.927
0.07 0.0133333 110.073
0.08 0.0133333 107.907
0.09 0.0133333 101.402
0.1 0.0133333 91.436
0.11 0.0133333 82.1643
0.12 0.0133333 78.6405
0.13 0.0133333 84.7421
0.14 0.0133333 45.9805

0 0.0166667 43.3363
0.01 0.0166667 80.0218
0.02 0.0166667 78.8622
0.03 0.0166667 87.4401
0.04 0.0166667 100.971
0.05 0.0166667 112.394
0.06 0.0166667 117.86
0.07 0.0166667 118.494
0.08 0.0166667 117.887
0.09 0.0166667 112.367
0.1 0.0166667 101.091
0.11 0.0166667 87.7393
0.12 0.0166667 78.9572
0.13 0.0166667 79.8065
0.14 0.0166667 43.3146

0 0.02 41.8643
0.01 0.02 77.9291
0.02 0.02 80.2246
0.03 0.02 92.2859
0.04 0.02 107.74
0.05 0.02 118.494
0.06 0.02 119.433
0.07 0.02 115.339
0.08 0.02 119.442
0.09 0.02 118.521
0.1 0.02 107.789
0.11 0.02 92.4883
0.12 0.02 80.4282
0.13 0.02 77.8266
0.14 0.02 41.844

0 0.0233333 41.4037
0.01 0.0233333 77.3629
0.02 0.0233333 80.868
0.03 0.0233333 93.8001
0.04 0.0233333 109.598
0.05 0.0233333 119.352
0.06 0.0233333 116.598
0.07 0.0233333 104.389
0.08 0.0233333 116.645
0.09 0.0233333 119.372
0.1 0.0233333 109.621
0.11 0.0233333 93.9815
0.12 0.0233333 81.1035
0.13 0.0233333 77.3021
0.14 0.0233333 41.3807

0 0.0266667 41.4481
0.01 0.0266667 75.8518
0.02 0.0266667 77.3638
0.03 0.0266667 87.8506
0.04 0.0266667 102.537
0.05 0.0266667 112.91
0.06 0.0266667 113.743
0.07 0.0266667 109.841
0.08 0.0266667 113.755
0.09 0.0266667 112.851
0.1 0.0266667 102.564
0.11 0.0266667 88.0675
0.12 0.0266667 77.5816
0.13 0.0266667 75.4976
0.14 0.0266667 41.4356

0 0.03 39.9997
0.01 0.03 51.8667
0.02 0.03 58.7297
0.03 0.03 75.2972
0.04 0.03 91.8238
0.05 0.03 102.121
0.06 0.03 106.877
0.07 0.03 106.713
0.08 0.03 106.891
0.09 0.03 102.104
0.1 0.03 91.731
0.11 0.03 75.2014
0.12 0.03 58.4168
0.13 0.03 53.1311
0.14 0.03 40

0 0.0333333 39.9998
0.01 0.0333333 45.9269
0.02 0.0333333 46.2814
0.03 0.0333333 55.4555
0.04 0.0333333 75.1672
0.05 0.0333333 86.8001
0.06 0.0333333 92.7802
0.07 0.0333333 93.6158
0.08 0.0333333 92.8227
0.09 0.0333333 86.7918
0.1 0.0333333 75.01
0.11 0.0333333 55.1237
0.12 0.0333333 46.2175
0.13 0.0333333 46.3173
0.14 0.0333333 40.0004

0 0.0366667 40.0001
0.01 0.0366667 46.8962
0.02 0.0366667 45.1261
0.03 0.0366667 45.6644
0.04 0.0366667 50.795
0.05 0.0366667 64.2507
0.06 0.0366667 70.6501
0.07 0.0366667 71.8803
0.08 0.0366667 70.6796
0.09 0.0366667 64.189
0.1 0.0366667 50.5063
0.11 0.0366667 45.6221
0.12 0.0366667 45.1062
0.13 0.0366667 47.1534
0.14 0.0366667 40.0002

0 0.04 39.9997
0.01 0.04 48.0267
0.02 0.04 45.742
0.03 0.04 44.3976
0.04 0.04 44.4027
0.05 0.04 46.3845
0.06 0.04 47.821
0.07 0.04 48.1846
0.08 0.04 47.8277
0.09 0.04 46.3817
0.1 0.04 44.3869
0.11 0.04 44.3828
0.12 0.04 45.7073
0.13 0.04 48.2351
0.14 0.04 39.9997

0 0.0433333 39.9998
0.01 0.0433333 40.0004
0.02 0.0433333 40.0002
0.03 0.0433333 40.0001
0.04 0.0433333 40.0001
0.05 0.0433333 40.0001
0.06 0.0433333 40.0004
0.07 0.0433333 40.0004
0.08 0.0433333 40.0002
0.09 0.0433333 40.0002
0.1 0.0433333 40.0004
0.11 0.0433333 40.0005
0.12 0.0433333 40
0.13 0.0433333 40.001
0.14 0.0433333 40.0003

0 0.0466667 28.3566
0.01 0.0466667 27.8438
0.02 0.0466667 26.5171
0.03 0.0466667 25.4161
0.04 0.0466667 24.6471
0.05 0.0466667 24.1794
0.06 0.0466667 23.94
0.07 0.0466667 23.8639
0.08 0.0466667 23.9392
0.09 0.0466667 24.1794
0.1 0.0466667 24.6344
0.11 0.0466667 25.4034
0.12 0.0466667 26.5245
0.13 0.0466667 27.8502
0.14 0.0466667 28.3442

